kinematics:
  shoulder:
    x: 0
    y: 0
    z: 0.1521940251208771
    roll: -0
    pitch: 0
    yaw: 7.096392824756936e-08
  upper_arm:
    x: -4.91903832142783e-05
    y: 0
    z: 0
    roll: 1.571506148956486
    pitch: 0
    yaw: -1.014136738587165e-06
  forearm:
    x: -0.243650274317959
    y: 0
    z: 0
    roll: 3.14132700026479
    pitch: -3.141197166213668
    yaw: 3.141592132939853
  wrist_1:
    x: -0.2133817626887105
    y: -7.558728681613454e-05
    z: 0.1310049887734887
    roll: 0.0005769801527100928
    pitch: 0.000802468021797232
    yaw: -3.723077913603701e-06
  wrist_2:
    x: 3.676682907596447e-05
    y: -0.08549598071964276
    z: -5.151107821484614e-05
    roll: 1.571398823795906
    pitch: 0
    yaw: -3.999771413104591e-07
  wrist_3:
    x: -0.0001349736773241842
    y: 0.09229855598794728
    z: -0.0001032681644123806
    roll: 1.569677478073853
    pitch: 3.141592653589793
    yaw: -3.14159265081696
  hash: calib_15559606842304173597